======================================================================
GENETIK ALGORITMA - TSP SONUCLARI
======================================================================

HIPERPARAMETRELER:
  Populasyon Boyutu: 100
  Nesil Sayisi: 200
  Elit Birey Sayisi: 10
  Caprazlama Orani: 0.85
  Mutasyon Orani: 0.15
  Tournament Boyutu: 5

KULLANILAN YONTEMLER:
  Secim Yontemi: Tournament Selection
  Caprazlama Yontemi: Order Crossover (OX)
  Mutasyon Yontemi: Swap Mutation + Inversion Mutation

======================================================================
ITERASYON SONUCLARI:
======================================================================

Iteration   1 -> Best Distance: 17935.39
Best Route: [0, 14, 15, 12, 9, 11, 6, 3, 10, 7, 4, 5, 2, 1, 13, 19, 17, 20, 8, 18, 16, 0]
----------------------------------------------------------------------
Iteration   2 -> Best Distance: 16897.08
Best Route: [0, 4, 18, 17, 14, 3, 8, 2, 5, 16, 1, 9, 7, 19, 6, 20, 11, 13, 15, 10, 12, 0]
----------------------------------------------------------------------
Iteration   3 -> Best Distance: 15342.50
Best Route: [0, 12, 11, 6, 3, 10, 4, 5, 14, 15, 7, 9, 17, 2, 1, 13, 19, 20, 8, 18, 16, 0]
----------------------------------------------------------------------
Iteration   4 -> Best Distance: 15039.92
Best Route: [0, 14, 12, 10, 4, 16, 7, 5, 1, 9, 11, 13, 19, 6, 3, 15, 17, 20, 8, 18, 2, 0]
----------------------------------------------------------------------
Iteration   5 -> Best Distance: 15039.92
Best Route: [0, 14, 12, 10, 4, 16, 7, 5, 1, 9, 11, 13, 19, 6, 3, 15, 17, 20, 8, 18, 2, 0]
----------------------------------------------------------------------
Iteration   6 -> Best Distance: 15039.92
Best Route: [0, 14, 12, 10, 4, 16, 7, 5, 1, 9, 11, 13, 19, 6, 3, 15, 17, 20, 8, 18, 2, 0]
----------------------------------------------------------------------
Iteration   7 -> Best Distance: 13996.31
Best Route: [0, 1, 2, 8, 17, 9, 7, 15, 14, 5, 4, 10, 3, 6, 11, 12, 13, 19, 20, 18, 16, 0]
----------------------------------------------------------------------
Iteration   8 -> Best Distance: 13925.52
Best Route: [0, 14, 12, 10, 4, 16, 7, 5, 1, 9, 11, 13, 19, 6, 3, 15, 17, 18, 8, 2, 20, 0]
----------------------------------------------------------------------
Iteration   9 -> Best Distance: 13925.52
Best Route: [0, 14, 12, 10, 4, 16, 7, 5, 1, 9, 11, 13, 19, 6, 3, 15, 17, 18, 8, 2, 20, 0]
----------------------------------------------------------------------
Iteration  10 -> Best Distance: 13331.03
Best Route: [0, 9, 1, 5, 7, 16, 4, 14, 10, 12, 11, 13, 19, 6, 3, 15, 17, 20, 8, 2, 18, 0]
----------------------------------------------------------------------
Iteration  11 -> Best Distance: 13331.03
Best Route: [0, 9, 1, 5, 7, 16, 4, 14, 10, 12, 11, 13, 19, 6, 3, 15, 17, 20, 8, 2, 18, 0]
----------------------------------------------------------------------
Iteration  12 -> Best Distance: 12802.13
Best Route: [0, 12, 10, 3, 6, 19, 13, 11, 9, 14, 5, 1, 7, 16, 4, 15, 17, 18, 8, 2, 20, 0]
----------------------------------------------------------------------
Iteration  13 -> Best Distance: 12112.67
Best Route: [0, 1, 9, 5, 7, 16, 4, 14, 10, 12, 11, 13, 19, 6, 3, 15, 17, 18, 8, 2, 20, 0]
----------------------------------------------------------------------
Iteration  14 -> Best Distance: 12112.67
Best Route: [0, 1, 9, 5, 7, 16, 4, 14, 10, 12, 11, 13, 19, 6, 3, 15, 17, 18, 8, 2, 20, 0]
----------------------------------------------------------------------
Iteration  15 -> Best Distance: 12003.41
Best Route: [0, 1, 9, 7, 14, 16, 4, 5, 10, 12, 11, 13, 19, 6, 3, 15, 17, 18, 8, 2, 20, 0]
----------------------------------------------------------------------
Iteration  16 -> Best Distance: 11472.38
Best Route: [0, 1, 9, 7, 16, 5, 4, 14, 10, 12, 11, 13, 19, 6, 3, 15, 17, 18, 8, 2, 20, 0]
----------------------------------------------------------------------
Iteration  17 -> Best Distance: 11472.38
Best Route: [0, 1, 9, 7, 16, 5, 4, 14, 10, 12, 11, 13, 19, 6, 3, 15, 17, 18, 8, 2, 20, 0]
----------------------------------------------------------------------
Iteration  18 -> Best Distance: 11472.38
Best Route: [0, 1, 9, 7, 16, 5, 4, 14, 10, 12, 11, 13, 19, 6, 3, 15, 17, 18, 8, 2, 20, 0]
----------------------------------------------------------------------
Iteration  19 -> Best Distance: 11472.38
Best Route: [0, 1, 9, 7, 16, 5, 4, 14, 10, 12, 11, 13, 19, 6, 3, 15, 17, 18, 8, 2, 20, 0]
----------------------------------------------------------------------
Iteration  20 -> Best Distance: 11392.28
Best Route: [0, 1, 9, 7, 16, 5, 4, 14, 10, 12, 11, 13, 19, 6, 3, 15, 17, 18, 2, 8, 20, 0]
----------------------------------------------------------------------
Iteration  21 -> Best Distance: 11331.20
Best Route: [0, 1, 9, 7, 16, 5, 4, 14, 15, 3, 6, 19, 13, 11, 12, 10, 17, 18, 8, 2, 20, 0]
----------------------------------------------------------------------
Iteration  22 -> Best Distance: 11331.20
Best Route: [0, 1, 9, 7, 16, 5, 4, 14, 15, 3, 6, 19, 13, 11, 12, 10, 17, 18, 8, 2, 20, 0]
----------------------------------------------------------------------
Iteration  23 -> Best Distance: 11251.10
Best Route: [0, 1, 9, 7, 16, 5, 4, 14, 15, 3, 6, 19, 13, 11, 12, 10, 17, 18, 2, 8, 20, 0]
----------------------------------------------------------------------
Iteration  24 -> Best Distance: 11251.10
Best Route: [0, 1, 9, 7, 16, 5, 4, 14, 15, 3, 6, 19, 13, 11, 12, 10, 17, 18, 2, 8, 20, 0]
----------------------------------------------------------------------
Iteration  25 -> Best Distance: 11251.10
Best Route: [0, 1, 9, 7, 16, 5, 4, 14, 15, 3, 6, 19, 13, 11, 12, 10, 17, 18, 2, 8, 20, 0]
----------------------------------------------------------------------
Iteration  26 -> Best Distance: 11251.10
Best Route: [0, 1, 9, 7, 16, 5, 4, 14, 15, 3, 6, 19, 13, 11, 12, 10, 17, 18, 2, 8, 20, 0]
----------------------------------------------------------------------
Iteration  27 -> Best Distance: 11251.10
Best Route: [0, 1, 9, 7, 16, 5, 4, 14, 15, 3, 6, 19, 13, 11, 12, 10, 17, 18, 2, 8, 20, 0]
----------------------------------------------------------------------
Iteration  28 -> Best Distance: 11251.10
Best Route: [0, 1, 9, 7, 16, 5, 4, 14, 15, 3, 6, 19, 13, 11, 12, 10, 17, 18, 2, 8, 20, 0]
----------------------------------------------------------------------
Iteration  29 -> Best Distance: 11251.10
Best Route: [0, 1, 9, 7, 16, 5, 4, 14, 15, 3, 6, 19, 13, 11, 12, 10, 17, 18, 2, 8, 20, 0]
----------------------------------------------------------------------
Iteration  30 -> Best Distance: 11251.10
Best Route: [0, 1, 9, 7, 16, 5, 4, 14, 15, 3, 6, 19, 13, 11, 12, 10, 17, 18, 2, 8, 20, 0]
----------------------------------------------------------------------
Iteration  31 -> Best Distance: 11202.68
Best Route: [0, 1, 9, 7, 16, 5, 4, 14, 15, 3, 19, 6, 13, 11, 12, 10, 17, 18, 2, 8, 20, 0]
----------------------------------------------------------------------
Iteration  32 -> Best Distance: 11202.68
Best Route: [0, 1, 9, 7, 16, 5, 4, 14, 15, 3, 19, 6, 13, 11, 12, 10, 17, 18, 2, 8, 20, 0]
----------------------------------------------------------------------
Iteration  33 -> Best Distance: 11202.68
Best Route: [0, 1, 9, 7, 16, 5, 4, 14, 15, 3, 19, 6, 13, 11, 12, 10, 17, 18, 2, 8, 20, 0]
----------------------------------------------------------------------
Iteration  34 -> Best Distance: 11202.68
Best Route: [0, 1, 9, 7, 16, 5, 4, 14, 15, 3, 19, 6, 13, 11, 12, 10, 17, 18, 2, 8, 20, 0]
----------------------------------------------------------------------
Iteration  35 -> Best Distance: 11002.37
Best Route: [0, 1, 9, 7, 16, 5, 4, 14, 15, 3, 10, 12, 11, 13, 6, 19, 17, 18, 2, 8, 20, 0]
----------------------------------------------------------------------
Iteration  36 -> Best Distance: 11002.37
Best Route: [0, 1, 9, 7, 16, 5, 4, 14, 15, 3, 10, 12, 11, 13, 6, 19, 17, 18, 2, 8, 20, 0]
----------------------------------------------------------------------
Iteration  37 -> Best Distance: 11002.37
Best Route: [0, 1, 9, 7, 16, 5, 4, 14, 15, 3, 10, 12, 11, 13, 6, 19, 17, 18, 2, 8, 20, 0]
----------------------------------------------------------------------
Iteration  38 -> Best Distance: 11002.37
Best Route: [0, 1, 9, 7, 16, 5, 4, 14, 15, 3, 10, 12, 11, 13, 6, 19, 17, 18, 2, 8, 20, 0]
----------------------------------------------------------------------
Iteration  39 -> Best Distance: 10782.35
Best Route: [0, 1, 9, 7, 16, 5, 4, 19, 6, 13, 11, 12, 10, 3, 15, 14, 17, 18, 2, 8, 20, 0]
----------------------------------------------------------------------
Iteration  40 -> Best Distance: 10782.35
Best Route: [0, 1, 9, 7, 16, 5, 4, 19, 6, 13, 11, 12, 10, 3, 15, 14, 17, 18, 2, 8, 20, 0]
----------------------------------------------------------------------
Iteration  41 -> Best Distance: 10782.35
Best Route: [0, 1, 9, 7, 16, 5, 4, 19, 6, 13, 11, 12, 10, 3, 15, 14, 17, 18, 2, 8, 20, 0]
----------------------------------------------------------------------
Iteration  42 -> Best Distance: 10782.35
Best Route: [0, 1, 9, 7, 16, 5, 4, 19, 6, 13, 11, 12, 10, 3, 15, 14, 17, 18, 2, 8, 20, 0]
----------------------------------------------------------------------
Iteration  43 -> Best Distance: 10765.60
Best Route: [0, 1, 9, 7, 16, 5, 4, 19, 6, 11, 13, 12, 10, 3, 15, 14, 17, 18, 2, 8, 20, 0]
----------------------------------------------------------------------
Iteration  44 -> Best Distance: 10765.60
Best Route: [0, 1, 9, 7, 16, 5, 4, 19, 6, 11, 13, 12, 10, 3, 15, 14, 17, 18, 2, 8, 20, 0]
----------------------------------------------------------------------
Iteration  45 -> Best Distance: 10765.60
Best Route: [0, 1, 9, 7, 16, 5, 4, 19, 6, 11, 13, 12, 10, 3, 15, 14, 17, 18, 2, 8, 20, 0]
----------------------------------------------------------------------
Iteration  46 -> Best Distance: 10765.60
Best Route: [0, 1, 9, 7, 16, 5, 4, 19, 6, 11, 13, 12, 10, 3, 15, 14, 17, 18, 2, 8, 20, 0]
----------------------------------------------------------------------
Iteration  47 -> Best Distance: 10765.60
Best Route: [0, 1, 9, 7, 16, 5, 4, 19, 6, 11, 13, 12, 10, 3, 15, 14, 17, 18, 2, 8, 20, 0]
----------------------------------------------------------------------
Iteration  48 -> Best Distance: 10765.60
Best Route: [0, 1, 9, 7, 16, 5, 4, 19, 6, 11, 13, 12, 10, 3, 15, 14, 17, 18, 2, 8, 20, 0]
----------------------------------------------------------------------
Iteration  49 -> Best Distance: 10765.60
Best Route: [0, 1, 9, 7, 16, 5, 4, 19, 6, 11, 13, 12, 10, 3, 15, 14, 17, 18, 2, 8, 20, 0]
----------------------------------------------------------------------
Iteration  50 -> Best Distance: 10765.60
Best Route: [0, 1, 9, 7, 16, 5, 4, 19, 6, 11, 13, 12, 10, 3, 15, 14, 17, 18, 2, 8, 20, 0]
----------------------------------------------------------------------
Iteration  51 -> Best Distance: 10765.60
Best Route: [0, 1, 9, 7, 16, 5, 4, 19, 6, 11, 13, 12, 10, 3, 15, 14, 17, 18, 2, 8, 20, 0]
----------------------------------------------------------------------
Iteration  52 -> Best Distance: 10765.60
Best Route: [0, 1, 9, 7, 16, 5, 4, 19, 6, 11, 13, 12, 10, 3, 15, 14, 17, 18, 2, 8, 20, 0]
----------------------------------------------------------------------
Iteration  53 -> Best Distance: 10765.60
Best Route: [0, 1, 9, 7, 16, 5, 4, 19, 6, 11, 13, 12, 10, 3, 15, 14, 17, 18, 2, 8, 20, 0]
----------------------------------------------------------------------
Iteration  54 -> Best Distance: 10765.60
Best Route: [0, 1, 9, 7, 16, 5, 4, 19, 6, 11, 13, 12, 10, 3, 15, 14, 17, 18, 2, 8, 20, 0]
----------------------------------------------------------------------
Iteration  55 -> Best Distance: 10765.60
Best Route: [0, 1, 9, 7, 16, 5, 4, 19, 6, 11, 13, 12, 10, 3, 15, 14, 17, 18, 2, 8, 20, 0]
----------------------------------------------------------------------
Iteration  56 -> Best Distance: 10765.60
Best Route: [0, 1, 9, 7, 16, 5, 4, 19, 6, 11, 13, 12, 10, 3, 15, 14, 17, 18, 2, 8, 20, 0]
----------------------------------------------------------------------
Iteration  57 -> Best Distance: 10765.60
Best Route: [0, 1, 9, 7, 16, 5, 4, 19, 6, 11, 13, 12, 10, 3, 15, 14, 17, 18, 2, 8, 20, 0]
----------------------------------------------------------------------
Iteration  58 -> Best Distance: 10765.60
Best Route: [0, 1, 9, 7, 16, 5, 4, 19, 6, 11, 13, 12, 10, 3, 15, 14, 17, 18, 2, 8, 20, 0]
----------------------------------------------------------------------
Iteration  59 -> Best Distance: 10765.60
Best Route: [0, 1, 9, 7, 16, 5, 4, 19, 6, 11, 13, 12, 10, 3, 15, 14, 17, 18, 2, 8, 20, 0]
----------------------------------------------------------------------
Iteration  60 -> Best Distance: 10765.60
Best Route: [0, 1, 9, 7, 16, 5, 4, 19, 6, 11, 13, 12, 10, 3, 15, 14, 17, 18, 2, 8, 20, 0]
----------------------------------------------------------------------
Iteration  61 -> Best Distance: 10765.60
Best Route: [0, 1, 9, 7, 16, 5, 4, 19, 6, 11, 13, 12, 10, 3, 15, 14, 17, 18, 2, 8, 20, 0]
----------------------------------------------------------------------
Iteration  62 -> Best Distance: 10765.60
Best Route: [0, 1, 9, 7, 16, 5, 4, 19, 6, 11, 13, 12, 10, 3, 15, 14, 17, 18, 2, 8, 20, 0]
----------------------------------------------------------------------
Iteration  63 -> Best Distance: 10765.60
Best Route: [0, 1, 9, 7, 16, 5, 4, 19, 6, 11, 13, 12, 10, 3, 15, 14, 17, 18, 2, 8, 20, 0]
----------------------------------------------------------------------
Iteration  64 -> Best Distance: 10765.60
Best Route: [0, 1, 9, 7, 16, 5, 4, 19, 6, 11, 13, 12, 10, 3, 15, 14, 17, 18, 2, 8, 20, 0]
----------------------------------------------------------------------
Iteration  65 -> Best Distance: 10765.60
Best Route: [0, 1, 9, 7, 16, 5, 4, 19, 6, 11, 13, 12, 10, 3, 15, 14, 17, 18, 2, 8, 20, 0]
----------------------------------------------------------------------
Iteration  66 -> Best Distance: 10765.60
Best Route: [0, 1, 9, 7, 16, 5, 4, 19, 6, 11, 13, 12, 10, 3, 15, 14, 17, 18, 2, 8, 20, 0]
----------------------------------------------------------------------
Iteration  67 -> Best Distance: 10765.60
Best Route: [0, 1, 9, 7, 16, 5, 4, 19, 6, 11, 13, 12, 10, 3, 15, 14, 17, 18, 2, 8, 20, 0]
----------------------------------------------------------------------
Iteration  68 -> Best Distance: 10765.60
Best Route: [0, 1, 9, 7, 16, 5, 4, 19, 6, 11, 13, 12, 10, 3, 15, 14, 17, 18, 2, 8, 20, 0]
----------------------------------------------------------------------
Iteration  69 -> Best Distance: 10765.60
Best Route: [0, 1, 9, 7, 16, 5, 4, 19, 6, 11, 13, 12, 10, 3, 15, 14, 17, 18, 2, 8, 20, 0]
----------------------------------------------------------------------
Iteration  70 -> Best Distance: 10754.47
Best Route: [0, 20, 9, 7, 16, 5, 4, 19, 6, 11, 13, 12, 10, 3, 15, 14, 17, 18, 2, 8, 1, 0]
----------------------------------------------------------------------
Iteration  71 -> Best Distance: 10754.47
Best Route: [0, 20, 9, 7, 16, 5, 4, 19, 6, 11, 13, 12, 10, 3, 15, 14, 17, 18, 2, 8, 1, 0]
----------------------------------------------------------------------
Iteration  72 -> Best Distance: 10754.47
Best Route: [0, 20, 9, 7, 16, 5, 4, 19, 6, 11, 13, 12, 10, 3, 15, 14, 17, 18, 2, 8, 1, 0]
----------------------------------------------------------------------
Iteration  73 -> Best Distance: 10754.47
Best Route: [0, 20, 9, 7, 16, 5, 4, 19, 6, 11, 13, 12, 10, 3, 15, 14, 17, 18, 2, 8, 1, 0]
----------------------------------------------------------------------
Iteration  74 -> Best Distance: 10754.47
Best Route: [0, 20, 9, 7, 16, 5, 4, 19, 6, 11, 13, 12, 10, 3, 15, 14, 17, 18, 2, 8, 1, 0]
----------------------------------------------------------------------
Iteration  75 -> Best Distance: 10754.47
Best Route: [0, 20, 9, 7, 16, 5, 4, 19, 6, 11, 13, 12, 10, 3, 15, 14, 17, 18, 2, 8, 1, 0]
----------------------------------------------------------------------
Iteration  76 -> Best Distance: 10754.47
Best Route: [0, 20, 9, 7, 16, 5, 4, 19, 6, 11, 13, 12, 10, 3, 15, 14, 17, 18, 2, 8, 1, 0]
----------------------------------------------------------------------
Iteration  77 -> Best Distance: 10754.47
Best Route: [0, 20, 9, 7, 16, 5, 4, 19, 6, 11, 13, 12, 10, 3, 15, 14, 17, 18, 2, 8, 1, 0]
----------------------------------------------------------------------
Iteration  78 -> Best Distance: 10754.47
Best Route: [0, 20, 9, 7, 16, 5, 4, 19, 6, 11, 13, 12, 10, 3, 15, 14, 17, 18, 2, 8, 1, 0]
----------------------------------------------------------------------
Iteration  79 -> Best Distance: 10754.47
Best Route: [0, 20, 9, 7, 16, 5, 4, 19, 6, 11, 13, 12, 10, 3, 15, 14, 17, 18, 2, 8, 1, 0]
----------------------------------------------------------------------
Iteration  80 -> Best Distance: 10754.47
Best Route: [0, 20, 9, 7, 16, 5, 4, 19, 6, 11, 13, 12, 10, 3, 15, 14, 17, 18, 2, 8, 1, 0]
----------------------------------------------------------------------
Iteration  81 -> Best Distance: 10703.54
Best Route: [0, 20, 7, 9, 16, 5, 4, 19, 6, 11, 13, 12, 10, 3, 15, 14, 17, 18, 2, 8, 1, 0]
----------------------------------------------------------------------
Iteration  82 -> Best Distance: 10703.54
Best Route: [0, 20, 7, 9, 16, 5, 4, 19, 6, 11, 13, 12, 10, 3, 15, 14, 17, 18, 2, 8, 1, 0]
----------------------------------------------------------------------
Iteration  83 -> Best Distance: 10703.54
Best Route: [0, 20, 7, 9, 16, 5, 4, 19, 6, 11, 13, 12, 10, 3, 15, 14, 17, 18, 2, 8, 1, 0]
----------------------------------------------------------------------
Iteration  84 -> Best Distance: 10703.54
Best Route: [0, 20, 7, 9, 16, 5, 4, 19, 6, 11, 13, 12, 10, 3, 15, 14, 17, 18, 2, 8, 1, 0]
----------------------------------------------------------------------
Iteration  85 -> Best Distance: 10703.54
Best Route: [0, 20, 7, 9, 16, 5, 4, 19, 6, 11, 13, 12, 10, 3, 15, 14, 17, 18, 2, 8, 1, 0]
----------------------------------------------------------------------
Iteration  86 -> Best Distance: 10703.54
Best Route: [0, 20, 7, 9, 16, 5, 4, 19, 6, 11, 13, 12, 10, 3, 15, 14, 17, 18, 2, 8, 1, 0]
----------------------------------------------------------------------
Iteration  87 -> Best Distance: 10703.54
Best Route: [0, 20, 7, 9, 16, 5, 4, 19, 6, 11, 13, 12, 10, 3, 15, 14, 17, 18, 2, 8, 1, 0]
----------------------------------------------------------------------
Iteration  88 -> Best Distance: 10619.12
Best Route: [0, 20, 15, 3, 10, 12, 13, 11, 6, 19, 4, 5, 16, 9, 7, 14, 17, 18, 2, 8, 1, 0]
----------------------------------------------------------------------
Iteration  89 -> Best Distance: 10619.12
Best Route: [0, 20, 15, 3, 10, 12, 13, 11, 6, 19, 4, 5, 16, 9, 7, 14, 17, 18, 2, 8, 1, 0]
----------------------------------------------------------------------
Iteration  90 -> Best Distance: 10619.12
Best Route: [0, 20, 15, 3, 10, 12, 13, 11, 6, 19, 4, 5, 16, 9, 7, 14, 17, 18, 2, 8, 1, 0]
----------------------------------------------------------------------
Iteration  91 -> Best Distance: 10619.12
Best Route: [0, 20, 15, 3, 10, 12, 13, 11, 6, 19, 4, 5, 16, 9, 7, 14, 17, 18, 2, 8, 1, 0]
----------------------------------------------------------------------
Iteration  92 -> Best Distance: 10560.11
Best Route: [0, 20, 15, 19, 6, 11, 13, 12, 10, 3, 4, 5, 16, 9, 7, 14, 17, 18, 2, 8, 1, 0]
----------------------------------------------------------------------
Iteration  93 -> Best Distance: 10356.88
Best Route: [0, 20, 15, 3, 10, 12, 13, 11, 6, 19, 16, 5, 4, 9, 7, 14, 17, 18, 2, 8, 1, 0]
----------------------------------------------------------------------
Iteration  94 -> Best Distance: 10356.88
Best Route: [0, 20, 15, 3, 10, 12, 13, 11, 6, 19, 16, 5, 4, 9, 7, 14, 17, 18, 2, 8, 1, 0]
----------------------------------------------------------------------
Iteration  95 -> Best Distance: 10356.88
Best Route: [0, 20, 15, 3, 10, 12, 13, 11, 6, 19, 16, 5, 4, 9, 7, 14, 17, 18, 2, 8, 1, 0]
----------------------------------------------------------------------
Iteration  96 -> Best Distance: 10356.88
Best Route: [0, 20, 15, 3, 10, 12, 13, 11, 6, 19, 16, 5, 4, 9, 7, 14, 17, 18, 2, 8, 1, 0]
----------------------------------------------------------------------
Iteration  97 -> Best Distance: 10356.88
Best Route: [0, 20, 15, 3, 10, 12, 13, 11, 6, 19, 16, 5, 4, 9, 7, 14, 17, 18, 2, 8, 1, 0]
----------------------------------------------------------------------
Iteration  98 -> Best Distance: 10356.88
Best Route: [0, 20, 15, 3, 10, 12, 13, 11, 6, 19, 16, 5, 4, 9, 7, 14, 17, 18, 2, 8, 1, 0]
----------------------------------------------------------------------
Iteration  99 -> Best Distance: 10356.88
Best Route: [0, 20, 15, 3, 10, 12, 13, 11, 6, 19, 16, 5, 4, 9, 7, 14, 17, 18, 2, 8, 1, 0]
----------------------------------------------------------------------
Iteration 100 -> Best Distance: 10356.88
Best Route: [0, 20, 15, 3, 10, 12, 13, 11, 6, 19, 16, 5, 4, 9, 7, 14, 17, 18, 2, 8, 1, 0]
----------------------------------------------------------------------
Iteration 101 -> Best Distance: 10356.88
Best Route: [0, 20, 15, 3, 10, 12, 13, 11, 6, 19, 16, 5, 4, 9, 7, 14, 17, 18, 2, 8, 1, 0]
----------------------------------------------------------------------
Iteration 102 -> Best Distance: 10196.78
Best Route: [0, 20, 19, 6, 11, 13, 12, 10, 3, 15, 16, 5, 4, 9, 7, 14, 17, 18, 2, 8, 1, 0]
----------------------------------------------------------------------
Iteration 103 -> Best Distance: 10196.78
Best Route: [0, 20, 19, 6, 11, 13, 12, 10, 3, 15, 16, 5, 4, 9, 7, 14, 17, 18, 2, 8, 1, 0]
----------------------------------------------------------------------
Iteration 104 -> Best Distance: 10196.78
Best Route: [0, 20, 19, 6, 11, 13, 12, 10, 3, 15, 16, 5, 4, 9, 7, 14, 17, 18, 2, 8, 1, 0]
----------------------------------------------------------------------
Iteration 105 -> Best Distance: 10166.21
Best Route: [0, 20, 11, 13, 12, 10, 3, 6, 19, 15, 16, 5, 4, 9, 7, 14, 17, 18, 2, 8, 1, 0]
----------------------------------------------------------------------
Iteration 106 -> Best Distance: 10166.21
Best Route: [0, 20, 11, 13, 12, 10, 3, 6, 19, 15, 16, 5, 4, 9, 7, 14, 17, 18, 2, 8, 1, 0]
----------------------------------------------------------------------
Iteration 107 -> Best Distance: 10166.21
Best Route: [0, 20, 11, 13, 12, 10, 3, 6, 19, 15, 16, 5, 4, 9, 7, 14, 17, 18, 2, 8, 1, 0]
----------------------------------------------------------------------
Iteration 108 -> Best Distance: 10166.21
Best Route: [0, 20, 11, 13, 12, 10, 3, 6, 19, 15, 16, 5, 4, 9, 7, 14, 17, 18, 2, 8, 1, 0]
----------------------------------------------------------------------
Iteration 109 -> Best Distance: 10166.21
Best Route: [0, 20, 11, 13, 12, 10, 3, 6, 19, 15, 16, 5, 4, 9, 7, 14, 17, 18, 2, 8, 1, 0]
----------------------------------------------------------------------
Iteration 110 -> Best Distance: 10166.21
Best Route: [0, 20, 11, 13, 12, 10, 3, 6, 19, 15, 16, 5, 4, 9, 7, 14, 17, 18, 2, 8, 1, 0]
----------------------------------------------------------------------
Iteration 111 -> Best Distance: 10166.21
Best Route: [0, 20, 11, 13, 12, 10, 3, 6, 19, 15, 16, 5, 4, 9, 7, 14, 17, 18, 2, 8, 1, 0]
----------------------------------------------------------------------
Iteration 112 -> Best Distance: 10166.21
Best Route: [0, 20, 11, 13, 12, 10, 3, 6, 19, 15, 16, 5, 4, 9, 7, 14, 17, 18, 2, 8, 1, 0]
----------------------------------------------------------------------
Iteration 113 -> Best Distance: 10166.21
Best Route: [0, 20, 11, 13, 12, 10, 3, 6, 19, 15, 16, 5, 4, 9, 7, 14, 17, 18, 2, 8, 1, 0]
----------------------------------------------------------------------
Iteration 114 -> Best Distance: 10166.21
Best Route: [0, 20, 11, 13, 12, 10, 3, 6, 19, 15, 16, 5, 4, 9, 7, 14, 17, 18, 2, 8, 1, 0]
----------------------------------------------------------------------
Iteration 115 -> Best Distance: 10166.21
Best Route: [0, 20, 11, 13, 12, 10, 3, 6, 19, 15, 16, 5, 4, 9, 7, 14, 17, 18, 2, 8, 1, 0]
----------------------------------------------------------------------
Iteration 116 -> Best Distance: 10166.21
Best Route: [0, 20, 11, 13, 12, 10, 3, 6, 19, 15, 16, 5, 4, 9, 7, 14, 17, 18, 2, 8, 1, 0]
----------------------------------------------------------------------
Iteration 117 -> Best Distance: 10166.21
Best Route: [0, 20, 11, 13, 12, 10, 3, 6, 19, 15, 16, 5, 4, 9, 7, 14, 17, 18, 2, 8, 1, 0]
----------------------------------------------------------------------
Iteration 118 -> Best Distance: 10166.21
Best Route: [0, 20, 11, 13, 12, 10, 3, 6, 19, 15, 16, 5, 4, 9, 7, 14, 17, 18, 2, 8, 1, 0]
----------------------------------------------------------------------
Iteration 119 -> Best Distance: 10166.21
Best Route: [0, 20, 11, 13, 12, 10, 3, 6, 19, 15, 16, 5, 4, 9, 7, 14, 17, 18, 2, 8, 1, 0]
----------------------------------------------------------------------
Iteration 120 -> Best Distance: 10166.21
Best Route: [0, 20, 11, 13, 12, 10, 3, 6, 19, 15, 16, 5, 4, 9, 7, 14, 17, 18, 2, 8, 1, 0]
----------------------------------------------------------------------
Iteration 121 -> Best Distance: 10166.21
Best Route: [0, 20, 11, 13, 12, 10, 3, 6, 19, 15, 16, 5, 4, 9, 7, 14, 17, 18, 2, 8, 1, 0]
----------------------------------------------------------------------
Iteration 122 -> Best Distance: 10166.21
Best Route: [0, 20, 11, 13, 12, 10, 3, 6, 19, 15, 16, 5, 4, 9, 7, 14, 17, 18, 2, 8, 1, 0]
----------------------------------------------------------------------
Iteration 123 -> Best Distance: 10166.21
Best Route: [0, 20, 11, 13, 12, 10, 3, 6, 19, 15, 16, 5, 4, 9, 7, 14, 17, 18, 2, 8, 1, 0]
----------------------------------------------------------------------
Iteration 124 -> Best Distance: 10166.21
Best Route: [0, 20, 11, 13, 12, 10, 3, 6, 19, 15, 16, 5, 4, 9, 7, 14, 17, 18, 2, 8, 1, 0]
----------------------------------------------------------------------
Iteration 125 -> Best Distance: 10166.21
Best Route: [0, 20, 11, 13, 12, 10, 3, 6, 19, 15, 16, 5, 4, 9, 7, 14, 17, 18, 2, 8, 1, 0]
----------------------------------------------------------------------
Iteration 126 -> Best Distance: 10166.21
Best Route: [0, 20, 11, 13, 12, 10, 3, 6, 19, 15, 16, 5, 4, 9, 7, 14, 17, 18, 2, 8, 1, 0]
----------------------------------------------------------------------
Iteration 127 -> Best Distance: 10166.21
Best Route: [0, 20, 11, 13, 12, 10, 3, 6, 19, 15, 16, 5, 4, 9, 7, 14, 17, 18, 2, 8, 1, 0]
----------------------------------------------------------------------
Iteration 128 -> Best Distance: 10166.21
Best Route: [0, 20, 11, 13, 12, 10, 3, 6, 19, 15, 16, 5, 4, 9, 7, 14, 17, 18, 2, 8, 1, 0]
----------------------------------------------------------------------
Iteration 129 -> Best Distance: 10166.21
Best Route: [0, 20, 11, 13, 12, 10, 3, 6, 19, 15, 16, 5, 4, 9, 7, 14, 17, 18, 2, 8, 1, 0]
----------------------------------------------------------------------
Iteration 130 -> Best Distance: 10166.21
Best Route: [0, 20, 11, 13, 12, 10, 3, 6, 19, 15, 16, 5, 4, 9, 7, 14, 17, 18, 2, 8, 1, 0]
----------------------------------------------------------------------
Iteration 131 -> Best Distance: 10166.21
Best Route: [0, 20, 11, 13, 12, 10, 3, 6, 19, 15, 16, 5, 4, 9, 7, 14, 17, 18, 2, 8, 1, 0]
----------------------------------------------------------------------
Iteration 132 -> Best Distance: 10166.21
Best Route: [0, 20, 11, 13, 12, 10, 3, 6, 19, 15, 16, 5, 4, 9, 7, 14, 17, 18, 2, 8, 1, 0]
----------------------------------------------------------------------
Iteration 133 -> Best Distance: 10166.21
Best Route: [0, 20, 11, 13, 12, 10, 3, 6, 19, 15, 16, 5, 4, 9, 7, 14, 17, 18, 2, 8, 1, 0]
----------------------------------------------------------------------
Iteration 134 -> Best Distance: 10166.21
Best Route: [0, 20, 11, 13, 12, 10, 3, 6, 19, 15, 16, 5, 4, 9, 7, 14, 17, 18, 2, 8, 1, 0]
----------------------------------------------------------------------
Iteration 135 -> Best Distance: 10166.21
Best Route: [0, 20, 11, 13, 12, 10, 3, 6, 19, 15, 16, 5, 4, 9, 7, 14, 17, 18, 2, 8, 1, 0]
----------------------------------------------------------------------
Iteration 136 -> Best Distance: 10166.21
Best Route: [0, 20, 11, 13, 12, 10, 3, 6, 19, 15, 16, 5, 4, 9, 7, 14, 17, 18, 2, 8, 1, 0]
----------------------------------------------------------------------
Iteration 137 -> Best Distance: 10166.21
Best Route: [0, 20, 11, 13, 12, 10, 3, 6, 19, 15, 16, 5, 4, 9, 7, 14, 17, 18, 2, 8, 1, 0]
----------------------------------------------------------------------
Iteration 138 -> Best Distance: 10166.21
Best Route: [0, 20, 11, 13, 12, 10, 3, 6, 19, 15, 16, 5, 4, 9, 7, 14, 17, 18, 2, 8, 1, 0]
----------------------------------------------------------------------
Iteration 139 -> Best Distance: 10166.21
Best Route: [0, 20, 11, 13, 12, 10, 3, 6, 19, 15, 16, 5, 4, 9, 7, 14, 17, 18, 2, 8, 1, 0]
----------------------------------------------------------------------
Iteration 140 -> Best Distance: 10166.21
Best Route: [0, 20, 11, 13, 12, 10, 3, 6, 19, 15, 16, 5, 4, 9, 7, 14, 17, 18, 2, 8, 1, 0]
----------------------------------------------------------------------
Iteration 141 -> Best Distance: 10166.21
Best Route: [0, 20, 11, 13, 12, 10, 3, 6, 19, 15, 16, 5, 4, 9, 7, 14, 17, 18, 2, 8, 1, 0]
----------------------------------------------------------------------
Iteration 142 -> Best Distance: 10166.21
Best Route: [0, 20, 11, 13, 12, 10, 3, 6, 19, 15, 16, 5, 4, 9, 7, 14, 17, 18, 2, 8, 1, 0]
----------------------------------------------------------------------
Iteration 143 -> Best Distance: 10166.21
Best Route: [0, 20, 11, 13, 12, 10, 3, 6, 19, 15, 16, 5, 4, 9, 7, 14, 17, 18, 2, 8, 1, 0]
----------------------------------------------------------------------
Iteration 144 -> Best Distance: 10166.21
Best Route: [0, 20, 11, 13, 12, 10, 3, 6, 19, 15, 16, 5, 4, 9, 7, 14, 17, 18, 2, 8, 1, 0]
----------------------------------------------------------------------
Iteration 145 -> Best Distance: 10166.21
Best Route: [0, 20, 11, 13, 12, 10, 3, 6, 19, 15, 16, 5, 4, 9, 7, 14, 17, 18, 2, 8, 1, 0]
----------------------------------------------------------------------
Iteration 146 -> Best Distance: 10166.21
Best Route: [0, 20, 11, 13, 12, 10, 3, 6, 19, 15, 16, 5, 4, 9, 7, 14, 17, 18, 2, 8, 1, 0]
----------------------------------------------------------------------
Iteration 147 -> Best Distance: 10166.21
Best Route: [0, 20, 11, 13, 12, 10, 3, 6, 19, 15, 16, 5, 4, 9, 7, 14, 17, 18, 2, 8, 1, 0]
----------------------------------------------------------------------
Iteration 148 -> Best Distance: 10166.21
Best Route: [0, 20, 11, 13, 12, 10, 3, 6, 19, 15, 16, 5, 4, 9, 7, 14, 17, 18, 2, 8, 1, 0]
----------------------------------------------------------------------
Iteration 149 -> Best Distance: 10166.21
Best Route: [0, 20, 11, 13, 12, 10, 3, 6, 19, 15, 16, 5, 4, 9, 7, 14, 17, 18, 2, 8, 1, 0]
----------------------------------------------------------------------
Iteration 150 -> Best Distance: 10166.21
Best Route: [0, 20, 11, 13, 12, 10, 3, 6, 19, 15, 16, 5, 4, 9, 7, 14, 17, 18, 2, 8, 1, 0]
----------------------------------------------------------------------
Iteration 151 -> Best Distance: 10166.21
Best Route: [0, 20, 11, 13, 12, 10, 3, 6, 19, 15, 16, 5, 4, 9, 7, 14, 17, 18, 2, 8, 1, 0]
----------------------------------------------------------------------
Iteration 152 -> Best Distance: 10166.21
Best Route: [0, 20, 11, 13, 12, 10, 3, 6, 19, 15, 16, 5, 4, 9, 7, 14, 17, 18, 2, 8, 1, 0]
----------------------------------------------------------------------
Iteration 153 -> Best Distance: 10166.21
Best Route: [0, 20, 11, 13, 12, 10, 3, 6, 19, 15, 16, 5, 4, 9, 7, 14, 17, 18, 2, 8, 1, 0]
----------------------------------------------------------------------
Iteration 154 -> Best Distance: 10166.21
Best Route: [0, 20, 11, 13, 12, 10, 3, 6, 19, 15, 16, 5, 4, 9, 7, 14, 17, 18, 2, 8, 1, 0]
----------------------------------------------------------------------
Iteration 155 -> Best Distance: 10166.21
Best Route: [0, 20, 11, 13, 12, 10, 3, 6, 19, 15, 16, 5, 4, 9, 7, 14, 17, 18, 2, 8, 1, 0]
----------------------------------------------------------------------
Iteration 156 -> Best Distance: 10166.21
Best Route: [0, 20, 11, 13, 12, 10, 3, 6, 19, 15, 16, 5, 4, 9, 7, 14, 17, 18, 2, 8, 1, 0]
----------------------------------------------------------------------
Iteration 157 -> Best Distance: 10166.21
Best Route: [0, 20, 11, 13, 12, 10, 3, 6, 19, 15, 16, 5, 4, 9, 7, 14, 17, 18, 2, 8, 1, 0]
----------------------------------------------------------------------
Iteration 158 -> Best Distance: 10166.21
Best Route: [0, 20, 11, 13, 12, 10, 3, 6, 19, 15, 16, 5, 4, 9, 7, 14, 17, 18, 2, 8, 1, 0]
----------------------------------------------------------------------
Iteration 159 -> Best Distance: 10166.21
Best Route: [0, 20, 11, 13, 12, 10, 3, 6, 19, 15, 16, 5, 4, 9, 7, 14, 17, 18, 2, 8, 1, 0]
----------------------------------------------------------------------
Iteration 160 -> Best Distance: 10166.21
Best Route: [0, 20, 11, 13, 12, 10, 3, 6, 19, 15, 16, 5, 4, 9, 7, 14, 17, 18, 2, 8, 1, 0]
----------------------------------------------------------------------
Iteration 161 -> Best Distance: 10166.21
Best Route: [0, 20, 11, 13, 12, 10, 3, 6, 19, 15, 16, 5, 4, 9, 7, 14, 17, 18, 2, 8, 1, 0]
----------------------------------------------------------------------
Iteration 162 -> Best Distance: 10166.21
Best Route: [0, 20, 11, 13, 12, 10, 3, 6, 19, 15, 16, 5, 4, 9, 7, 14, 17, 18, 2, 8, 1, 0]
----------------------------------------------------------------------
Iteration 163 -> Best Distance: 10166.21
Best Route: [0, 20, 11, 13, 12, 10, 3, 6, 19, 15, 16, 5, 4, 9, 7, 14, 17, 18, 2, 8, 1, 0]
----------------------------------------------------------------------
Iteration 164 -> Best Distance: 10166.21
Best Route: [0, 20, 11, 13, 12, 10, 3, 6, 19, 15, 16, 5, 4, 9, 7, 14, 17, 18, 2, 8, 1, 0]
----------------------------------------------------------------------
Iteration 165 -> Best Distance: 10166.21
Best Route: [0, 20, 11, 13, 12, 10, 3, 6, 19, 15, 16, 5, 4, 9, 7, 14, 17, 18, 2, 8, 1, 0]
----------------------------------------------------------------------
Iteration 166 -> Best Distance: 10166.21
Best Route: [0, 20, 11, 13, 12, 10, 3, 6, 19, 15, 16, 5, 4, 9, 7, 14, 17, 18, 2, 8, 1, 0]
----------------------------------------------------------------------
Iteration 167 -> Best Distance: 10166.21
Best Route: [0, 20, 11, 13, 12, 10, 3, 6, 19, 15, 16, 5, 4, 9, 7, 14, 17, 18, 2, 8, 1, 0]
----------------------------------------------------------------------
Iteration 168 -> Best Distance: 10166.21
Best Route: [0, 20, 11, 13, 12, 10, 3, 6, 19, 15, 16, 5, 4, 9, 7, 14, 17, 18, 2, 8, 1, 0]
----------------------------------------------------------------------
Iteration 169 -> Best Distance: 10166.21
Best Route: [0, 20, 11, 13, 12, 10, 3, 6, 19, 15, 16, 5, 4, 9, 7, 14, 17, 18, 2, 8, 1, 0]
----------------------------------------------------------------------
Iteration 170 -> Best Distance: 10166.21
Best Route: [0, 20, 11, 13, 12, 10, 3, 6, 19, 15, 16, 5, 4, 9, 7, 14, 17, 18, 2, 8, 1, 0]
----------------------------------------------------------------------
Iteration 171 -> Best Distance: 10166.21
Best Route: [0, 20, 11, 13, 12, 10, 3, 6, 19, 15, 16, 5, 4, 9, 7, 14, 17, 18, 2, 8, 1, 0]
----------------------------------------------------------------------
Iteration 172 -> Best Distance: 10166.21
Best Route: [0, 20, 11, 13, 12, 10, 3, 6, 19, 15, 16, 5, 4, 9, 7, 14, 17, 18, 2, 8, 1, 0]
----------------------------------------------------------------------
Iteration 173 -> Best Distance: 10166.21
Best Route: [0, 20, 11, 13, 12, 10, 3, 6, 19, 15, 16, 5, 4, 9, 7, 14, 17, 18, 2, 8, 1, 0]
----------------------------------------------------------------------
Iteration 174 -> Best Distance: 10166.21
Best Route: [0, 20, 11, 13, 12, 10, 3, 6, 19, 15, 16, 5, 4, 9, 7, 14, 17, 18, 2, 8, 1, 0]
----------------------------------------------------------------------
Iteration 175 -> Best Distance: 10166.21
Best Route: [0, 20, 11, 13, 12, 10, 3, 6, 19, 15, 16, 5, 4, 9, 7, 14, 17, 18, 2, 8, 1, 0]
----------------------------------------------------------------------
Iteration 176 -> Best Distance: 10166.21
Best Route: [0, 20, 11, 13, 12, 10, 3, 6, 19, 15, 16, 5, 4, 9, 7, 14, 17, 18, 2, 8, 1, 0]
----------------------------------------------------------------------
Iteration 177 -> Best Distance: 10166.21
Best Route: [0, 20, 11, 13, 12, 10, 3, 6, 19, 15, 16, 5, 4, 9, 7, 14, 17, 18, 2, 8, 1, 0]
----------------------------------------------------------------------
Iteration 178 -> Best Distance: 10166.21
Best Route: [0, 20, 11, 13, 12, 10, 3, 6, 19, 15, 16, 5, 4, 9, 7, 14, 17, 18, 2, 8, 1, 0]
----------------------------------------------------------------------
Iteration 179 -> Best Distance: 10166.21
Best Route: [0, 20, 11, 13, 12, 10, 3, 6, 19, 15, 16, 5, 4, 9, 7, 14, 17, 18, 2, 8, 1, 0]
----------------------------------------------------------------------
Iteration 180 -> Best Distance: 10166.21
Best Route: [0, 20, 11, 13, 12, 10, 3, 6, 19, 15, 16, 5, 4, 9, 7, 14, 17, 18, 2, 8, 1, 0]
----------------------------------------------------------------------
Iteration 181 -> Best Distance: 10166.21
Best Route: [0, 20, 11, 13, 12, 10, 3, 6, 19, 15, 16, 5, 4, 9, 7, 14, 17, 18, 2, 8, 1, 0]
----------------------------------------------------------------------
Iteration 182 -> Best Distance: 10166.21
Best Route: [0, 20, 11, 13, 12, 10, 3, 6, 19, 15, 16, 5, 4, 9, 7, 14, 17, 18, 2, 8, 1, 0]
----------------------------------------------------------------------
Iteration 183 -> Best Distance: 10166.21
Best Route: [0, 20, 11, 13, 12, 10, 3, 6, 19, 15, 16, 5, 4, 9, 7, 14, 17, 18, 2, 8, 1, 0]
----------------------------------------------------------------------
Iteration 184 -> Best Distance: 10166.21
Best Route: [0, 20, 11, 13, 12, 10, 3, 6, 19, 15, 16, 5, 4, 9, 7, 14, 17, 18, 2, 8, 1, 0]
----------------------------------------------------------------------
Iteration 185 -> Best Distance: 10166.21
Best Route: [0, 20, 11, 13, 12, 10, 3, 6, 19, 15, 16, 5, 4, 9, 7, 14, 17, 18, 2, 8, 1, 0]
----------------------------------------------------------------------
Iteration 186 -> Best Distance: 10166.21
Best Route: [0, 20, 11, 13, 12, 10, 3, 6, 19, 15, 16, 5, 4, 9, 7, 14, 17, 18, 2, 8, 1, 0]
----------------------------------------------------------------------
Iteration 187 -> Best Distance: 10166.21
Best Route: [0, 20, 11, 13, 12, 10, 3, 6, 19, 15, 16, 5, 4, 9, 7, 14, 17, 18, 2, 8, 1, 0]
----------------------------------------------------------------------
Iteration 188 -> Best Distance: 10166.21
Best Route: [0, 20, 11, 13, 12, 10, 3, 6, 19, 15, 16, 5, 4, 9, 7, 14, 17, 18, 2, 8, 1, 0]
----------------------------------------------------------------------
Iteration 189 -> Best Distance: 10166.21
Best Route: [0, 20, 11, 13, 12, 10, 3, 6, 19, 15, 16, 5, 4, 9, 7, 14, 17, 18, 2, 8, 1, 0]
----------------------------------------------------------------------
Iteration 190 -> Best Distance: 10166.21
Best Route: [0, 20, 11, 13, 12, 10, 3, 6, 19, 15, 16, 5, 4, 9, 7, 14, 17, 18, 2, 8, 1, 0]
----------------------------------------------------------------------
Iteration 191 -> Best Distance: 10166.21
Best Route: [0, 20, 11, 13, 12, 10, 3, 6, 19, 15, 16, 5, 4, 9, 7, 14, 17, 18, 2, 8, 1, 0]
----------------------------------------------------------------------
Iteration 192 -> Best Distance: 10166.21
Best Route: [0, 20, 11, 13, 12, 10, 3, 6, 19, 15, 16, 5, 4, 9, 7, 14, 17, 18, 2, 8, 1, 0]
----------------------------------------------------------------------
Iteration 193 -> Best Distance: 10166.21
Best Route: [0, 20, 11, 13, 12, 10, 3, 6, 19, 15, 16, 5, 4, 9, 7, 14, 17, 18, 2, 8, 1, 0]
----------------------------------------------------------------------
Iteration 194 -> Best Distance: 10166.21
Best Route: [0, 20, 11, 13, 12, 10, 3, 6, 19, 15, 16, 5, 4, 9, 7, 14, 17, 18, 2, 8, 1, 0]
----------------------------------------------------------------------
Iteration 195 -> Best Distance: 10166.21
Best Route: [0, 20, 11, 13, 12, 10, 3, 6, 19, 15, 16, 5, 4, 9, 7, 14, 17, 18, 2, 8, 1, 0]
----------------------------------------------------------------------
Iteration 196 -> Best Distance: 10166.21
Best Route: [0, 20, 11, 13, 12, 10, 3, 6, 19, 15, 16, 5, 4, 9, 7, 14, 17, 18, 2, 8, 1, 0]
----------------------------------------------------------------------
Iteration 197 -> Best Distance: 10166.21
Best Route: [0, 20, 11, 13, 12, 10, 3, 6, 19, 15, 16, 5, 4, 9, 7, 14, 17, 18, 2, 8, 1, 0]
----------------------------------------------------------------------
Iteration 198 -> Best Distance: 10166.21
Best Route: [0, 20, 11, 13, 12, 10, 3, 6, 19, 15, 16, 5, 4, 9, 7, 14, 17, 18, 2, 8, 1, 0]
----------------------------------------------------------------------
Iteration 199 -> Best Distance: 10166.21
Best Route: [0, 20, 11, 13, 12, 10, 3, 6, 19, 15, 16, 5, 4, 9, 7, 14, 17, 18, 2, 8, 1, 0]
----------------------------------------------------------------------
Iteration 200 -> Best Distance: 10166.21
Best Route: [0, 20, 11, 13, 12, 10, 3, 6, 19, 15, 16, 5, 4, 9, 7, 14, 17, 18, 2, 8, 1, 0]
----------------------------------------------------------------------

======================================================================
EN IYI SONUC:
======================================================================
En Iyi Mesafe: 10166.21
En Iyi Rota: [0, 20, 11, 13, 12, 10, 3, 6, 19, 15, 16, 5, 4, 9, 7, 14, 17, 18, 2, 8, 1, 0]
